112
neuFiber_3_4[0][0]=1.109149
neuFiber_3_4[0][1]=1.833631
neuFiber_3_4[0][2]=5.813133
neuFiber_3_4[0][3]=6.944138
neuFiber_3_4[0][4]=-1.877383
neuFiber_3_4[0][5]=0.854081
neuFiber_3_4[1][0]=0.755144
neuFiber_3_4[1][1]=4.206917
neuFiber_3_4[1][2]=-0.850691
neuFiber_3_4[1][3]=-1.139341
neuFiber_3_4[1][4]=0.915705
neuFiber_3_4[1][5]=0.598369


neuFiber_2_3[0][0]=-0.432481
neuFiber_2_3[0][1]=1.014573
neuFiber_2_3[0][2]=0.703009
neuFiber_2_3[0][3]=0.918000
neuFiber_2_3[0][4]=-0.322052
neuFiber_2_3[0][5]=-0.804238
neuFiber_2_3[0][6]=-0.119484
neuFiber_2_3[0][7]=-0.786022
neuFiber_2_3[0][8]=0.458118
neuFiber_2_3[1][0]=0.693301
neuFiber_2_3[1][1]=2.438397
neuFiber_2_3[1][2]=-0.521801
neuFiber_2_3[1][3]=1.252450
neuFiber_2_3[1][4]=1.009382
neuFiber_2_3[1][5]=0.739648
neuFiber_2_3[1][6]=-0.744820
neuFiber_2_3[1][7]=1.011479
neuFiber_2_3[1][8]=-0.345212
neuFiber_2_3[2][0]=-0.106079
neuFiber_2_3[2][1]=-0.706468
neuFiber_2_3[2][2]=1.017029
neuFiber_2_3[2][3]=0.140817
neuFiber_2_3[2][4]=0.436773
neuFiber_2_3[2][5]=1.069946
neuFiber_2_3[2][6]=0.470134
neuFiber_2_3[2][7]=-0.164860
neuFiber_2_3[2][8]=0.419758
neuFiber_2_3[3][0]=1.702767
neuFiber_2_3[3][1]=-0.342705
neuFiber_2_3[3][2]=-0.610972
neuFiber_2_3[3][3]=0.172155
neuFiber_2_3[3][4]=0.412243
neuFiber_2_3[3][5]=-0.506174
neuFiber_2_3[3][6]=0.932499
neuFiber_2_3[3][7]=0.148767
neuFiber_2_3[3][8]=-0.890770
neuFiber_2_3[4][0]=-0.996581
neuFiber_2_3[4][1]=2.218014
neuFiber_2_3[4][2]=-0.685809
neuFiber_2_3[4][3]=-0.479664
neuFiber_2_3[4][4]=-0.067094
neuFiber_2_3[4][5]=0.534202
neuFiber_2_3[4][6]=-0.388348
neuFiber_2_3[4][7]=0.633776
neuFiber_2_3[4][8]=0.846908
neuFiber_2_3[5][0]=-0.175482
neuFiber_2_3[5][1]=2.568402
neuFiber_2_3[5][2]=-1.026206
neuFiber_2_3[5][3]=0.364059
neuFiber_2_3[5][4]=-0.303013
neuFiber_2_3[5][5]=0.499358
neuFiber_2_3[5][6]=-0.482982
neuFiber_2_3[5][7]=-1.169684
neuFiber_2_3[5][8]=-0.758345



Save the result of 'weight' as follows:
neuFiber_1_2[0][0]=-51.589983
neuFiber_1_2[0][1]=-60.557009
neuFiber_1_2[0][2]=-2.122287
neuFiber_1_2[0][3]=1.214136
neuFiber_1_2[0][4]=1.137887
neuFiber_1_2[0][5]=-15.593085
neuFiber_1_2[1][0]=45.770523
neuFiber_1_2[1][1]=18.448852
neuFiber_1_2[1][2]=51.734129
neuFiber_1_2[1][3]=64.330934
neuFiber_1_2[1][4]=43.620034
neuFiber_1_2[1][5]=74.817689
neuFiber_1_2[2][0]=13.549547
neuFiber_1_2[2][1]=3.939710
neuFiber_1_2[2][2]=7.128684
neuFiber_1_2[2][3]=13.812467
neuFiber_1_2[2][4]=2.503820
neuFiber_1_2[2][5]=8.519924
neuFiber_1_2[3][0]=-26.084493
neuFiber_1_2[3][1]=-39.474314
neuFiber_1_2[3][2]=-10.248853
neuFiber_1_2[3][3]=0.554736
neuFiber_1_2[3][4]=7.315867
neuFiber_1_2[3][5]=-10.125179
neuFiber_1_2[4][0]=19.550690
neuFiber_1_2[4][1]=3.594904
neuFiber_1_2[4][2]=23.407827
neuFiber_1_2[4][3]=30.832622
neuFiber_1_2[4][4]=18.088307
neuFiber_1_2[4][5]=34.687922
neuFiber_1_2[5][0]=16.597692
neuFiber_1_2[5][1]=15.660724
neuFiber_1_2[5][2]=5.722791
neuFiber_1_2[5][3]=8.739215
neuFiber_1_2[5][4]=2.697238
neuFiber_1_2[5][5]=7.129156
neuFiber_1_2[6][0]=57.689560
neuFiber_1_2[6][1]=41.807121
neuFiber_1_2[6][2]=44.933409
neuFiber_1_2[6][3]=62.104959
neuFiber_1_2[6][4]=48.356854
neuFiber_1_2[6][5]=76.562205
neuFiber_1_2[7][0]=56.632562
neuFiber_1_2[7][1]=40.738462
neuFiber_1_2[7][2]=49.892845
neuFiber_1_2[7][3]=64.735610
neuFiber_1_2[7][4]=49.378446
neuFiber_1_2[7][5]=76.626726
neuFiber_1_2[8][0]=33.568853
neuFiber_1_2[8][1]=25.088958
neuFiber_1_2[8][2]=27.932632
neuFiber_1_2[8][3]=33.106122
neuFiber_1_2[8][4]=22.670754
neuFiber_1_2[8][5]=35.875360